\begin{table}[htbp]\centering
\def\sym#1{\ifmmode^{#1}\else\(^{#1}\)\fi}
\caption{Non-volunteers}
\begin{tabular}{l*{4}{c}}
\hline\hline
            &\multicolumn{4}{c}{(1)}                            \\
            &\multicolumn{4}{c}{}                               \\
            &           1&           2&           3&           4\\
            &      rowpct&      rowpct&      rowpct&      rowpct\\
\hline
AT          &       10.20&       12.40&       52.33&       25.06\\
BE          &       15.75&       22.32&       28.51&       33.41\\
DK          &        7.96&        9.36&       40.81&       41.87\\
FR          &       32.12&        8.70&       37.92&       21.26\\
DE          &        0.77&        9.32&       57.54&       32.37\\
GR          &       37.68&       10.54&       29.59&       22.20\\
IS          &       19.51&        9.32&       34.95&       36.21\\
IT          &       38.79&       28.44&       23.70&        9.06\\
ES          &       53.47&       23.67&       12.01&       10.85\\
S           &       20.16&       14.36&       33.97&       31.50\\
CH          &        9.40&        9.15&       66.20&       15.25\\
CZ          &       10.39&       26.60&       49.37&       13.64\\
PL          &       23.97&        4.21&       61.24&       10.58\\
LU          &       32.51&       11.15&       40.61&       15.73\\
PT          &       52.57&        8.33&        7.72&       31.37\\
SL          &        6.89&       21.89&       53.64&       17.58\\
EE          &        2.60&       19.02&       52.40&       25.98\\
\hline\hline
\end{tabular}
\end{table}
\begin{table}[htbp]\centering
\def\sym#1{\ifmmode^{#1}\else\(^{#1}\)\fi}
\caption{Volunteers}
\begin{tabular}{l*{4}{c}}
\hline\hline
            &\multicolumn{4}{c}{(1)}                            \\
            &\multicolumn{4}{c}{}                               \\
            &           1&           2&           3&           4\\
            &      rowpct&      rowpct&      rowpct&      rowpct\\
\hline
AT          &        4.54&        9.98&       49.18&       36.30\\
BE          &        7.45&       17.99&       25.94&       48.62\\
DK          &        5.94&        6.34&       34.74&       52.97\\
FR          &       15.77&        5.69&       39.85&       38.69\\
DE          &        0.00&        6.61&       53.36&       40.02\\
GR          &       32.05&       11.58&       27.03&       29.34\\
IS          &        9.79&        6.70&       35.05&       48.45\\
IT          &       23.61&       27.68&       35.84&       12.88\\
ES          &       28.20&       19.17&       22.56&       30.08\\
S           &       18.53&       11.16&       33.47&       36.84\\
CH          &        5.84&        8.32&       62.34&       23.50\\
CZ          &        4.80&       14.41&       49.44&       31.36\\
PL          &        4.35&        0.00&       58.70&       36.96\\
LU          &       16.14&        9.49&       46.84&       27.53\\
PT          &       23.76&       14.85&        8.91&       52.48\\
SL          &        2.29&       15.33&       54.69&       27.69\\
EE          &        0.28&        9.09&       38.92&       51.70\\
\hline\hline
\end{tabular}
\end{table}
