{
\def\sym#1{\ifmmode^{#1}\else\(^{#1}\)\fi}
\begin{tabular}{l*{4}{c}}
\hline\hline
            &\multicolumn{4}{c}{(1)}                            \\
            &\multicolumn{4}{c}{}                               \\
            &           2&           3&           4&           5\\
            &      rowpct&      rowpct&      rowpct&      rowpct\\
\hline
AT          &       34.39&       39.42&       24.14&        2.05\\
BE          &       31.43&       50.45&       16.34&        1.77\\
DK          &       59.34&       22.61&       15.24&        2.81\\
FR          &       24.41&       47.22&       23.41&        4.95\\
DE          &       20.42&       46.17&       29.00&        4.41\\
S           &       44.24&       35.64&       17.95&        2.18\\
CH          &       39.77&       44.16&       13.98&        2.10\\
GR          &       39.32&       39.19&       19.11&        2.38\\
IS          &       46.60&       31.17&       18.83&        3.40\\
PT          &       10.66&       32.97&       49.02&        7.35\\
IT          &       26.64&       42.66&       28.25&        2.45\\
ES          &       26.86&       46.88&       22.57&        3.68\\
CZ          &       18.77&       42.41&       32.08&        6.75\\
PL          &       11.61&       46.35&       32.68&        9.36\\
SL          &       18.07&       49.96&       25.87&        6.10\\
EE          &        6.60&       27.75&       56.61&        9.04\\
\hline\hline
\end{tabular}
}
{
\def\sym#1{\ifmmode^{#1}\else\(^{#1}\)\fi}
\begin{tabular}{l*{4}{c}}
\hline\hline
            &\multicolumn{4}{c}{(1)}                            \\
            &\multicolumn{4}{c}{}                               \\
            &           2&           3&           4&           5\\
            &      rowpct&      rowpct&      rowpct&      rowpct\\
\hline
AT          &       48.64&       37.02&       13.25&        1.09\\
BE          &       40.59&       46.61&       12.13&        0.67\\
DK          &       67.77&       20.24&       10.17&        1.81\\
FR          &       31.09&       49.78&       16.50&        2.63\\
DE          &       28.14&       43.39&       26.46&        2.02\\
S           &       45.68&       34.32&       17.68&        2.32\\
CH          &       50.51&       42.34&        6.57&        0.58\\
GR          &       43.24&       33.98&       18.53&        4.25\\
IS          &       47.94&       26.29&       24.74&        1.03\\
PT          &       15.84&       34.65&       42.57&        6.93\\
IT          &       29.18&       48.71&       19.96&        2.15\\
ES          &       30.45&       52.26&       15.04&        2.26\\
CZ          &       30.23&       39.83&       26.84&        3.11\\
PL          &       15.22&       58.70&       23.91&        2.17\\
SL          &       22.43&       49.89&       23.34&        4.35\\
EE          &       17.05&       38.07&       40.91&        3.98\\
\hline\hline
\end{tabular}
}
